Time
?
1754
1238
1310
2108
1621
?
1950
1811
0840
0930
1231
1745
1804
?
?
0930
0702
?
?
1439
?
2030
0947
1128
?
1905
1135
0116
1141
?
1050
1950
0837
0034
0734
0030
1312
1020
1644
0600
1031
0845
1555
0800
?
1930
?
1510
0925
1655
1520
1452
1733
1212
1815
2317
1127
?
0123
1305
1222
1445
?
?
2135
1815
1737
1650
1540
1920
?
1730
0955
1448
?
1630
1825
1901
?
1530
0515
1315
0745
1221
1635
1430
0208
1140
1205
0853
0443
1435
?
0542
1846
1015
0945
0847
0903
1003
1625
?
0730
1344
1750
0810
1042
0926
2335
1543
0916
1819
1305
1835
2207
0156
0143
?
1021
1020
1207
?
0728
0845
1629
1100
?
1100
0750
0608
2044
0230
1340
1630
0802
0407
1123
0915
0615
1330
1517
2132
1930
1529
0700
0645
?
2124
2336
1115
?
1945
1422
1245
1525
2200
1235
?
0941
1158
1830
?
1135
?
1010
1027
1458
0609
1415
?
2251
0152
1930
1120
1500
0853
2028
0843
?
1645
1521
?
1942
2002
1730
0852
1425
1545
1230
1549
?
0445
1330
1526
?
1915
?
0935
2355
1300
1550
1930
1050
1957
1130
0400
1530
1215
1800
0853
0639
0932
1249
1305
1400
1538
2030
1710
2000
1955
1857
2125
?
1600
0431
0808
0851
0900
1026
1059
1830
0801
1520
1200
2200
0913
1455
0444
1940
0801
1140
0940
0401
0220
1600
1300
1500
?
1830
1050
1040
0730
1356
0938
0917
0715
0830
1030
0050
1628
2259
2256
1630
0650
1110
1859
1237
0356
2215
0746
1500
0745
0030
1630
1302
0820
0615
0820
0955
1814
?
?
0530
1610
?
2218
0120
0810
1630
1700
0807
0913
1322
0715
0923
0015
1357
2307
1015
2000
1210
2215
?
1128
2214
1330
1145
1220
1327
?
1115
1000
1604
1540
1243
1220
0330
1506
0940
0730
1545
?
2040
1415
1915
1408
1440
2227
1111
?
1300
0930
1930
1653
1212
1739
1000
0455
1145
0215
1232
1822
1500
1830
1203
1535
0744
1205
?
?
0930
2015
1530
0607
1345
1630
1730
1015
1559
0735
0730
1130
0807
2100
0720
0200
1407
?
?
1115
0714
1500
2320
?
1140
1700
1405
1134
0008
0910
1100
1745
2030
1604
?
?
1040
1340
0930
1300
1852
1300
1405
0417
1200
2316
1033
0036
?
1600
?
1535
1300
1040
1530
0800
0136
1718
0648
0948
?
1243
1900
0935
1700
1616
1600
1100
2327
2215
1430
1423
0938
1630
0930
1815
1413
0940
0745
2045
1003
?
1503
0705
1548
0700
0215
0350
0953
0700
1930
1140
0730
1445
2030
2150
1210
2020
0315
2353
0357
0731
2358
1135
1032
1700
1213
0625
1640
1818
0437
1530
?
1506
1400
2217
1915
0410
1031
0540
0948
1428
0648
1400
1230
0700
0600
1200
0630
?
0015
0830
?
1601
0151
?
1133
1150
1820
1025
1430
1200
1114
?
1030
0800
2330
1238
1531
1045
2119
0849
1330
0200
0816
1610
0010
0235
1430
1130
?
1041
0327
2315
2110
0610
1510
0930
0610
1000
0559
1740
0945
1822
1515
0119
1445
0149
1412
0730
2210
1300
?
1939
0115
1032
?
?
1950
?
1745
0710
1207
0153
1449
1530
1525
1945
1640
0945
0802
1530
1330
1357
1452
1400
2053
2340
2300
1500
1155
1153
0900
0412
?
1434
1250
1900
1748
1850
1550
1200
1625
1315
0731
0738
1700
0412
1214
0855
1645
0554
0845
0715
1045
0744
1840
1630
1530
0915
1530
1645
?
?
1445
1625
0800
1228
0615
1200
1616
?
1750
0945
0330
1855
0850
1633
2057
1140
1313
1809
1755
0815
1535
1525
1211
?
1138
1120
0800
0449
0932
1450
1610
1600
1030
1834
1920
2025
1330
?
2139
1634
1159
1315
0145
0241
0752
1945
1530
1245
0800
0050
?
0750
1619
1906
0147
0918
0244
1945
0935
0156
0300
0618
?
1055
?
1053
1343
1148
?
0845
1455
1908
0624
0019
1429
0830
0613
0900
1155
1015
0020
?
0815
?
0905
1430
0341
1140
1530
1420
1150
0249
?
0742
1238
1100
0720
2200
1122
1620
0610
1723
0527
0719
0900
1120
0815
0653
1402
1335
1015
1600
0730
1715
0830
0800
1815
1216
?
1731
1431
0932
1451
1908
1809
1415
0800
1004
1130
1208
1702
0744
1655
2207
1010
0631
0253
0830
1245
1040
0844
1100
1830
1830
1300
0200
0228
0729
0915
0722
?
0618
1819
2000
1440
1914
0840
2050
1440
1705
1835
1800
0800
1130
1500
2315
1914
0622
1010
2247
0853
1511
1015
1050
?
0630
1415
1745
